%YAML:1.0
---
image_width: 1920
image_height: 1080
camera_matrix: !!opencv-matrix
   rows: 3
   cols: 3
   dt: d
   data: [ 1.6764437734733406e+03, 0., 9.7012331623949308e+02, 0.,
       1.6771958840169252e+03, 5.4238576205094557e+02, 0., 0., 1. ]
distortion_coefficients: !!opencv-matrix
   rows: 5
   cols: 1
   dt: d
   data: [ -8.2552306907417453e-02, 2.5944941150080163e-02, 0., 0., 0. ]
