%YAML:1.0
---
calibration_time: "01/14/2021 17:47:25"
Camera 0:
   focal: 1.6217646484375000e+03
   aspect: 1.0000418501499682e+00
   ppx: 9.7057831471337704e+02
   ppy: 5.4241952829038200e+02
   R: !!opencv-matrix
      rows: 3
      cols: 3
      dt: d
      data: [ 9.9851813158367675e-01, 5.3878494311794596e-02,
          7.6582471452348901e-03, 2.3099594574816300e-02,
          -2.9220358288343790e-01, -9.5607712810241452e-01,
          -4.9274228853658369e-02, 9.5483725000691910e-01,
          -2.9301514699773040e-01 ]
   t: !!opencv-matrix
      rows: 3
      cols: 1
      dt: d
      data: [ -5.2086499994217938e+01, 2.3889573523404786e+00,
          1.4666007211407607e+01 ]
